+-------------------------------------------------------------------------------+
|            OC-Accel hls_memcopy_1024 Throughput (MBytes/s)                    |
+-------------------------------------------------------------------------------+
+------------LCL stands for DDR or HBM memory accordingto hardware--------------+
       bytes   Host->FPGA_RAM   FPGA_RAM->Host  FPGA(LCL->BRAM)  FPGA(BRAM->LCL)
 -------------------------------------------------------------------------------
         512            2.179            0.231            0.231            0.231
        1024            0.460            0.464            0.460            0.464
        2048            0.918            0.921            0.926            0.928
        4096            1.846            3.522            3.341            3.534
        8192            3.700            3.693            3.675            3.688
       16384            7.364           14.015           14.185            7.370
       32768           14.629           14.655           14.674           14.701
       65536           29.037           29.871           29.980           31.493
      131072           61.335           58.280           59.660           61.973
      262144          114.125          114.774          116.250          115.942
      524288          210.981          426.945          231.883          231.781
     1048576          402.061          442.064          455.309          454.519
     2097152          671.303          823.058          874.907          877.837
     4194304         1083.240         1511.461         1722.507         1679.737
     8388608         1417.713         2411.906         2903.637         2896.619
    16777216         1674.206         3435.138         4830.756         4768.964
    33554432         1932.859         4623.733         8869.794         8893.303
    67108864         2382.281         5907.470         9028.503         9028.503
   134217728         2477.073         6267.171        10471.852        10574.986
   268435456         2686.504         7011.322        11097.877        11058.559
ok
Test OK